find overlap between top sites and mutations for different properties
CS: []
Kw: ['516E']
P: ['969N']
D: ['95T']
B: ['405D']
C: ['440N']
CCS: []
L: ['190R', '253D']

find overlap between top sites and alloteric sites
CS: []
Kw: [1058]
P: [1058, 854]
D: [295]
B: [272]
C: [272]
CCS: []
L: []

find overlap between top sites neighbour and allosteric sites
CS(neighour count=19): []
Kw(neighour count=559): [512, 776, 522, 780, 14, 527, 528, 783, 658, 19, 272, 399, 401, 407, 537, 540, 412, 542, 31, 33, 1058, 673, 549, 295, 426, 427, 558, 430, 561, 433, 435, 693, 309, 695, 56, 698, 59, 317, 703, 320, 321, 323, 580, 329, 331, 591, 854, 344, 346, 986, 221, 990, 735, 991, 866, 487, 488, 746, 752, 371, 1015, 1013, 374, 375, 376, 761, 1146, 509]
P(neighour count=575): [512, 776, 522, 780, 14, 527, 528, 783, 658, 19, 272, 399, 401, 407, 537, 540, 412, 542, 31, 33, 1058, 673, 549, 295, 426, 427, 558, 430, 561, 433, 435, 693, 309, 695, 56, 698, 59, 317, 320, 321, 323, 580, 329, 331, 591, 854, 344, 346, 986, 221, 990, 735, 991, 866, 487, 488, 746, 752, 371, 1015, 1013, 374, 375, 376, 761, 1146, 509]
D(neighour count=594): [512, 776, 522, 780, 14, 527, 528, 783, 658, 19, 272, 399, 401, 407, 537, 540, 412, 542, 31, 33, 1058, 673, 549, 295, 426, 427, 558, 430, 561, 433, 435, 693, 309, 695, 56, 698, 59, 317, 320, 321, 323, 580, 582, 329, 331, 591, 854, 344, 346, 986, 221, 990, 735, 991, 866, 356, 487, 488, 746, 752, 371, 1015, 1013, 374, 375, 376, 761, 1146, 508, 509]
B(neighour count=621): [512, 522, 14, 527, 528, 19, 537, 540, 542, 31, 33, 1058, 549, 558, 561, 56, 59, 580, 581, 591, 1146, 654, 658, 673, 693, 695, 698, 703, 730, 221, 735, 746, 752, 761, 776, 780, 783, 272, 295, 309, 317, 320, 321, 323, 328, 329, 331, 854, 343, 344, 346, 354, 866, 356, 371, 374, 375, 376, 399, 401, 407, 412, 426, 427, 430, 433, 435, 474, 986, 475, 990, 991, 487, 488, 1013, 1015, 508, 509]
C(neighour count=570): [512, 776, 522, 780, 14, 527, 528, 783, 272, 19, 399, 401, 407, 537, 412, 542, 31, 33, 1058, 673, 549, 295, 426, 427, 558, 430, 561, 433, 435, 693, 309, 695, 56, 698, 59, 317, 321, 323, 580, 329, 331, 591, 854, 344, 346, 986, 221, 990, 735, 991, 866, 487, 488, 746, 752, 371, 1015, 1013, 374, 375, 376, 761, 1146, 509]
CCS(neighour count=530): [512, 776, 522, 780, 14, 527, 528, 783, 658, 19, 272, 399, 401, 407, 537, 412, 542, 31, 33, 1058, 673, 549, 295, 426, 427, 558, 433, 435, 693, 309, 695, 56, 698, 59, 317, 321, 323, 580, 329, 331, 591, 854, 344, 346, 986, 221, 990, 735, 991, 866, 487, 746, 752, 371, 1015, 1013, 374, 375, 376, 761, 1146, 509]
L(neighour count=13): [479]

paper important sites & allosteric sites
[856, 371, 547, 376]

all mutation sites & allosteric sites
[547, 376, 780, 19, 371, 375, 856, 346, 477]

